0.175
0.378
0.328
0.264
0.239
0.247
0.274
0.333
2.476
2.455
2.001
1.631
1.442
1.286
1.203
1.144
1.094
1.045
0.992
0.95
0.924
0.9
0.884
0.87
0.859
0.858
0.861
0.867
0.878
0.895
0.916
0.949
0.988
1.038
1.103
1.188
1.297
1.436
1.473
1.492
1.453
1.406
1.374
1.331
1.284
1.248
1.26
1.304
1.356
1.39
1.415
1.454
1.507
1.584
1.65
1.749
1.854
1.993
2.175
2.208
2.198
2.142
2.079
2.028
0.188
0.237
2.72
2.664
2.639
2.629
2.635
2.666
2.668
2.608
2.41
1.891
1.628
1.488
1.351
1.228
1.153
1.09
1.051
1.019
0.986
0.951
0.924
0.903
0.888
0.872
0.862
0.857
0.858
0.863
0.87
0.884
0.903
0.925
0.965
1.001
1.042
1.119
1.203
1.328
1.438
1.48
1.497
1.473
1.426
1.398
1.377
1.36
1.352
1.353
1.36
1.373
1.386
1.411
1.438
1.473
1.517
1.581
1.639
1.712
1.794
1.889
1.98
2.138
0.147
0.092
0.135
2.729
2.683
2.643
2.619
2.608
2.621
2.641
2.653
2.59
2.444
2.005
1.705
1.558
1.426
1.302
1.212
1.151
1.098
1.067
1.038
0.998
0.963
0.933
0.912
0.898
0.879
0.868
0.86
0.856
0.861
0.867
0.88
0.896
0.913
0.939
0.978
1.03
1.075
1.145
1.223
1.348
1.438
1.478
1.49
1.458
1.411
1.383
1.355
1.328
1.317
1.314
1.328
1.354
1.378
1.403
1.433
1.47
1.511
1.563
1.608
1.666
0.286
2.716
2.691
2.679
2.676
2.683
2.692
2.687
2.642
2.54
2.159
1.826
1.647
1.527
1.437
1.312
1.229
1.169
1.118
1.081
1.057
1.035
1.007
0.978
0.953
0.927
0.911
0.896
0.884
0.874
0.864
0.859
0.856
0.86
0.858
0.867
0.879
0.893
0.91
0.934
0.963
1.0
1.042
1.09
1.158
1.229
1.325
1.431
1.464
1.489
1.48
1.441
1.401
1.377
1.353
1.325
1.31
1.311
1.318
1.328
1.349
1.372
1.384
1.401
