2.453
2.528
2.531
2.55
2.555
2.57
2.558
2.489
2.336
1.992
1.659
1.483
1.395
1.299
1.22
1.164
1.101
1.065
1.032
1.004
0.973
0.941
0.917
0.902
0.891
0.881
0.873
0.863
0.861
0.861
0.866
0.87
0.88
0.895
0.913
0.939
0.965
1.007
1.047
1.107
1.189
1.288
1.443
1.527
1.559
1.54
1.447
0.404
0.228
0.205
0.198
0.197
0.205
0.217
0.263
1.336
1.519
1.594
1.683
1.78
1.921
2.139
2.227
2.232
0.076
0.07
0.103
2.323
2.226
2.296
2.378
2.482
2.541
2.505
2.387
2.027
1.637
1.467
1.36
1.256
1.185
1.135
1.085
1.052
1.02
0.983
0.952
0.928
0.912
0.899
0.887
0.881
0.871
0.87
0.87
0.876
0.882
0.891
0.907
0.926
0.947
0.977
1.01
1.046
1.103
1.179
1.337
1.488
1.551
1.548
1.423
0.246
0.183
0.172
0.169
0.167
0.175
0.175
0.187
0.255
1.439
1.586
1.674
1.781
1.872
2.122
2.231
2.243
